r = [-3.30849312e-05  3.52658419e-07 -5.35561742e-05  7.14238382e-05, ...
    2.25797285e-05 -3.07354154e-06  8.74163661e-06  1.42899700e-04, ...
    1.04202176e-04 -7.84957901e-05  6.46714913e-05 -1.32484447e-05, ...
    -1.41071864e-05 -7.42834106e-05  7.32624957e-05  1.98355311e-04, ...
    2.98518639e-05 -1.43995856e-05  2.86517152e-04 -1.11220841e-04, ...
    -1.23644204e-04  8.01931236e-05 -1.37913476e-04 -3.25508104e-05, ...
    -4.93342900e-06  3.20789646e-04  2.40708020e-04  1.41522410e-05, ...
    -1.57618194e-04  6.59572026e-05  7.04780395e-05  3.97274320e-05, ...
    1.83739237e-04  6.03772153e-04  1.67754888e-04 -3.15332709e-05, ...
    8.78753093e-06  7.37315831e-05  2.53283350e-04  7.11329314e-05, ...
    2.52448228e-05 -6.77929403e-05 -1.13457659e-05  7.51100452e-05, ...
    -4.40227429e-05 -1.09715580e-04  5.07236416e-06  1.37996856e-04, ...
    9.21577855e-05  8.78477064e-06 -2.29426717e-06 -7.33253438e-05, ...
    4.31509655e-05 -1.74835034e-04  1.12526132e-05 -3.51212477e-04, ...
    1.25781411e-04  6.38630330e-05  1.41481833e-04 -1.99071873e-05, ...
    4.44443935e-05 -1.09686351e-05 -6.84636931e-06 -1.45126269e-04, ...
    -2.31587002e-04  1.55477983e-04  1.04831268e-04 -3.74251646e-04, ...
    -2.02733720e-05 -1.76029042e-04  5.92515075e-06 -4.09422211e-05, ...
    -1.12007182e-04  4.90886866e-05  2.56989611e-05 -3.57562649e-05, ...
    -4.30059294e-05 -6.31960007e-05 -3.56116001e-05 -3.39904476e-05, ...
    6.68106990e-05 -1.41683968e-05 -6.19071035e-05 -3.30781730e-05, ...
    -2.51563774e-04  9.08773796e-05 -1.82039536e-05 -5.91176912e-05, ...
    4.30718429e-05  8.23511979e-05  1.31057790e-04  1.77443717e-04, ...
    8.78697080e-05  4.73925862e-05 -1.10985446e-04 -5.09465753e-05, ...
    -2.86520119e-05  9.60912727e-05  2.66818711e-05  1.05042178e-04].';

b = [-319.62025027 -2596.77759826 -2458.80408121 -1114.87444637, ...
     -1134.91990626 -1272.12732629];

Win = 